396630.02
168487.93
167718.32
156885.11
156116.01
147737.33
146220.71
133808.50
117070.20
113039.33
110817.00
109951.88
109823.42
109517.99
109467.74
105192.72
105128.59
103897.95
103271.84
101305.84
100738.90
100507.52
100334.23
100325.76
100248.52
100019.72
99692.72
98935.78
98851.56
98303.55
97697.43
96099.90
95436.70
94468.85
92425.45
90983.98
90862.54
89975.30
89633.27
88640.02
80911.08
79518.86
77857.80
77630.02
77247.59
76392.69
75057.64
69274.22
69049.34
64494.40
54934.30
51451.40
42370.59
28931.59
25820.30
-21122.58